KNN 'n_neighbors': 15 
accuracy: 0.96 
Predicted class labels: 
[1 1 1 1 1 1 0 0 0 0 0 0 0 1 1 1 1 1 0 1 0 1 1 0 0]

True class labels: 
[1 1 1 1 1 1 0 0 0 0 0 0 1 1 1 1 1 1 0 1 0 1 1 0 0]



--------------------------------------------------------------------------------------------------

KNN 'n_neighbors': 3 
0.92

Predicted class labels: 
[1 1 1 1 1 1 0 0 0 1 0 0 1 1 1 1 1 1 0 1 1 1 1 0 0]

True class labels: 
[1 1 1 1 1 1 0 0 0 0 0 0 1 1 1 1 1 1 0 1 0 1 1 0 0]


--------------------------------------------------------------------------------------------------

KNN 'n_neighbors': 30

0.96

Predicted class labels: 
[1 1 1 1 1 1 0 0 0 0 0 0 0 1 1 1 1 1 0 1 0 1 1 0 0]

True class labels: 
[1 1 1 1 1 1 0 0 0 0 0 0 1 1 1 1 1 1 0 1 0 1 1 0 0]


